solid
facet normal -0.22495901584625244 0.8613075613975525 0.4555685222148895
 outer loop
  vertex 0.0862073302268982 -0.021004121750593185 -1.0
  vertex -0.2488187700510025 -1.0 0.6854751110076904
  vertex 1.0 -0.4394221603870392 0.24229957163333893
 endloop
endfacet
facet normal 0.2249590903520584 -0.8613075613975525 -0.4555685520172119
 outer loop
  vertex 1.0 -0.4394221603870392 0.24229957163333893
  vertex -0.2488187700510025 -1.0 0.6854751110076904
  vertex 0.0862073302268982 -0.021004121750593185 -1.0
 endloop
endfacet
facet normal -0.47054311633110046 0.4466249942779541 -0.7609963417053223
 outer loop
  vertex 0.576686441898346 0.40562674403190613 1.0
  vertex 1.0 -0.4394221603870392 0.24229957163333893
  vertex -0.2488187700510025 -1.0 0.6854751110076904
 endloop
endfacet
facet normal 0.47054311633110046 -0.4466249644756317 0.7609963417053223
 outer loop
  vertex -0.2488187700510025 -1.0 0.6854751110076904
  vertex 1.0 -0.4394221603870392 0.24229957163333893
  vertex 0.576686441898346 0.40562674403190613 1.0
 endloop
endfacet
facet normal -0.9114173650741577 -0.09828974306583405 -0.3995717763900757
 outer loop
  vertex 0.576686441898346 0.40562674403190613 1.0
  vertex 1.0 0.4627733826637268 0.020370544865727425
  vertex 1.0 -0.4394221603870392 0.24229957163333893
 endloop
endfacet
facet normal 0.9114173650741577 0.09828974306583405 0.3995717167854309
 outer loop
  vertex 1.0 -0.4394221603870392 0.24229957163333893
  vertex 1.0 0.4627733826637268 0.020370544865727425
  vertex 0.576686441898346 0.40562674403190613 1.0
 endloop
endfacet
facet normal 0.38953152298927307 0.760678231716156 0.5192625522613525
 outer loop
  vertex -1.0 -0.028041379526257515 -0.17485842108726501
  vertex -0.2488187700510025 -1.0 0.6854751110076904
  vertex 0.0862073302268982 -0.021004121750593185 -1.0
 endloop
endfacet
facet normal -0.38953155279159546 -0.7606783509254456 -0.5192625522613525
 outer loop
  vertex 0.0862073302268982 -0.021004121750593185 -1.0
  vertex -0.2488187700510025 -1.0 0.6854751110076904
  vertex -1.0 -0.028041379526257515 -0.17485842108726501
 endloop
endfacet
facet normal 0.7305606603622437 -0.5798975229263306 0.3605550229549408
 outer loop
  vertex -1.0 -0.028041379526257515 -0.17485842108726501
  vertex -0.28228703141212463 1.0 0.0243504848331213
  vertex -1.0 0.40843456983566284 0.5271462798118591
 endloop
endfacet
facet normal -0.7305607199668884 0.5798975229263306 -0.3605550229549408
 outer loop
  vertex -1.0 0.40843456983566284 0.5271462798118591
  vertex -0.28228703141212463 1.0 0.0243504848331213
  vertex -1.0 -0.028041379526257515 -0.17485842108726501
 endloop
endfacet
facet normal -0.7710243463516235 0.15211181342601776 0.6183715462684631
 outer loop
  vertex 1.0 -0.4394221603870392 0.24229957163333893
  vertex 1.0 0.4627733826637268 0.020370544865727425
  vertex 0.0862073302268982 -0.021004121750593185 -1.0
 endloop
endfacet
facet normal 0.7710243463516235 -0.1521117240190506 -0.6183715462684631
 outer loop
  vertex 0.0862073302268982 -0.021004121750593185 -1.0
  vertex 1.0 0.4627733826637268 0.020370544865727425
  vertex 1.0 -0.4394221603870392 0.24229957163333893
 endloop
endfacet
facet normal 0.8623986840248108 0.42990759015083313 -0.2672978341579437
 outer loop
  vertex -1.0 -0.028041379526257515 -0.17485842108726501
  vertex -1.0 0.40843456983566284 0.5271462798118591
  vertex -0.2488187700510025 -1.0 0.6854751110076904
 endloop
endfacet
facet normal -0.8623985648155212 -0.42990756034851074 0.2672978639602661
 outer loop
  vertex -0.2488187700510025 -1.0 0.6854751110076904
  vertex -1.0 0.40843456983566284 0.5271462798118591
  vertex -1.0 -0.028041379526257515 -0.17485842108726501
 endloop
endfacet
facet normal 0.5257909893989563 -0.5003674626350403 0.6878780722618103
 outer loop
  vertex -0.28228703141212463 1.0 0.0243504848331213
  vertex -1.0 -0.028041379526257515 -0.17485842108726501
  vertex 0.0862073302268982 -0.021004121750593185 -1.0
 endloop
endfacet
facet normal -0.5257909893989563 0.5003675222396851 -0.6878780126571655
 outer loop
  vertex 0.0862073302268982 -0.021004121750593185 -1.0
  vertex -1.0 -0.028041379526257515 -0.17485842108726501
  vertex -0.28228703141212463 1.0 0.0243504848331213
 endloop
endfacet
facet normal 0.18625134229660034 -0.7576374411582947 -0.6255364418029785
 outer loop
  vertex -0.28228703141212463 1.0 0.0243504848331213
  vertex 0.576686441898346 0.40562674403190613 1.0
  vertex -1.0 0.40843456983566284 0.5271462798118591
 endloop
endfacet
facet normal -0.18625132739543915 0.7576374411582947 0.6255365014076233
 outer loop
  vertex -1.0 0.40843456983566284 0.5271462798118591
  vertex 0.576686441898346 0.40562674403190613 1.0
  vertex -0.28228703141212463 1.0 0.0243504848331213
 endloop
endfacet
facet normal 0.28703954815864563 0.04552854597568512 -0.9568362236022949
 outer loop
  vertex -0.2488187700510025 -1.0 0.6854751110076904
  vertex -1.0 0.40843456983566284 0.5271462798118591
  vertex 0.576686441898346 0.40562674403190613 1.0
 endloop
endfacet
facet normal -0.287039577960968 -0.04552854225039482 0.9568361639976501
 outer loop
  vertex 0.576686441898346 0.40562674403190613 1.0
  vertex -1.0 0.40843456983566284 0.5271462798118591
  vertex -0.2488187700510025 -1.0 0.6854751110076904
 endloop
endfacet
facet normal -0.30278173089027405 -0.7272620797157288 0.6159651875495911
 outer loop
  vertex 1.0 0.4627733826637268 0.020370544865727425
  vertex -0.28228703141212463 1.0 0.0243504848331213
  vertex 0.0862073302268982 -0.021004121750593185 -1.0
 endloop
endfacet
facet normal 0.3027816712856293 0.7272621393203735 -0.6159651279449463
 outer loop
  vertex 0.0862073302268982 -0.021004121750593185 -1.0
  vertex -0.28228703141212463 1.0 0.0243504848331213
  vertex 1.0 0.4627733826637268 0.020370544865727425
 endloop
endfacet
facet normal -0.37788069248199463 -0.9003510475158691 -0.21581022441387177
 outer loop
  vertex 1.0 0.4627733826637268 0.020370544865727425
  vertex 0.576686441898346 0.40562674403190613 1.0
  vertex -0.28228703141212463 1.0 0.0243504848331213
 endloop
endfacet
facet normal 0.37788069248199463 0.9003511667251587 0.21581019461154938
 outer loop
  vertex -0.28228703141212463 1.0 0.0243504848331213
  vertex 0.576686441898346 0.40562674403190613 1.0
  vertex 1.0 0.4627733826637268 0.020370544865727425
 endloop
endfacet
endsolid
